750
8 0
15 37
20 57
27 58
51 66
88 82
91 85
94 119
108 131
114 158
118 161
162 206
169 214
183 215
204 224
242 246
249 248
262 257
263 269
289 335
339 337
341 343
344 384
372 432
392 484
408 487
409 498
469 510
470 535
471 607
511 608
521 630
543 631
553 632
581 633
615 636
619 637
661 660
721 666
744 668
795 676
796 698
797 717
814 720
837 731
847 773
861 781
894 793
995 806
10 2
26 46
31 55
44 59
67 71
101 116
105 128
150 143
153 218
155 223
195 271
200 280
243 331
256 359
386 366
401 385
402 390
413 428
415 464
438 529
447 545
458 577
461 580
475 599
481 601
513 628
522 709
524 710
617 759
620 789
665 816
670 871
686 882
714 911
735 918
740 919
751 927
813 934
817 990
840 824
846 828
856 868
873 897
885 910
929 928
960 961
982 981
991 64
993 68
49 36
52 47
72 61
99 65
130 76
133 95
137 96
138 102
231 123
236 126
270 160
304 163
307 168
318 171
327 172
368 198
376 226
383 234
394 238
410 250
422 266
424 288
444 338
452 353
454 375
455 465
482 478
494 492
537 495
544 501
674 503
701 517
703 563
716 579
726 582
765 585
770 590
800 595
808 651
832 657
858 684
881 711
912 715
932 753
956 758
977 769
988 774
12 6
30 18
32 124
40 146
80 151
93 165
115 173
129 199
134 227
144 244
147 252
156 273
157 290
182 336
188 350
259 355
285 365
297 373
321 382
330 405
345 426
371 434
388 437
407 459
414 474
443 528
490 534
518 547
525 566
562 573
571 609
572 622
583 624
612 664
625 681
643 689
653 695
662 737
675 763
697 805
705 857
760 866
794 879
801 920
825 943
833 952
835 973
841 810
853 818
862 834
872 838
891 876
903 930
915 949
937 957
947 958
953 965
984 967
996 69
86 117
175 185
191 237
264 291
295 310
395 399
417 419
466 476
527 542
548 552
586 589
618 634
635 659
673 683
685 700
752 762
782 788
883 884
898 901
904 909
940 941
946 968
974 979
53 54
79 84
97 104
152 180
190 207
221 253
306 322
324 363
398 403
418 427
445 449
496 512
523 558
564 568
578 587
598 600
603 696
699 749
750 783
798 892
902 916
945 980
985 999
1
3
4
5
7
9
11
13
14
16
17
19
21
22
23
24
25
28
29
33
34
35
38
39
41
42
43
45
48
50
56
60
62
63
70
73
74
75
77
78
81
83
87
89
90
92
98
100
103
106
107
109
110
111
112
113
120
121
122
125
127
132
135
136
139
140
141
142
145
148
149
154
159
164
166
167
170
174
176
177
178
179
181
184
186
187
189
192
193
194
196
197
201
202
203
205
208
209
210
211
212
213
216
217
219
220
222
225
228
229
230
232
233
235
239
240
241
245
247
251
254
255
258
260
261
265
267
268
272
274
275
276
277
278
279
281
282
283
284
286
287
292
293
294
296
298
299
300
301
302
303
305
308
309
311
312
313
314
315
316
317
319
320
323
325
326
328
329
332
333
334
340
342
346
347
348
349
351
352
354
356
357
358
360
361
362
364
367
369
370
374
377
378
379
380
381
387
389
391
393
396
397
400
404
406
411
412
416
420
421
423
425
429
430
431
433
435
436
439
440
441
442
446
448
450
451
453
456
457
460
462
463
467
468
472
473
477
479
480
483
485
486
488
489
491
493
497
499
500
502
504
505
506
507
508
509
514
515
516
519
520
526
530
531
532
533
536
538
539
540
541
546
549
550
551
554
555
556
557
559
560
561
565
567
569
570
574
575
576
584
588
591
592
593
594
596
597
602
604
605
606
610
611
613
614
616
621
623
626
627
629
638
639
640
641
642
644
645
646
647
648
649
650
652
654
655
656
658
663
667
669
671
672
677
678
679
680
682
687
688
690
691
692
693
694
702
704
706
707
708
712
713
718
719
722
723
724
725
727
728
729
730
732
733
734
736
738
739
741
742
743
745
746
747
748
754
755
756
757
761
764
766
767
768
771
772
775
776
777
778
779
780
784
785
786
787
790
791
792
799
802
803
804
807
809
811
812
815
819
820
821
822
823
826
827
829
830
831
836
839
842
843
844
845
848
849
850
851
852
854
855
859
860
863
864
865
867
869
870
874
875
877
878
880
886
887
888
889
890
893
895
896
899
900
905
906
907
908
913
914
917
921
922
923
924
925
926
931
933
935
936
938
939
942
944
948
950
951
954
955
959
962
963
964
966
969
970
971
972
975
976
978
983
986
987
989
992
994
997
998
